000012
102021
112727
201722
213222
401250
000043
102111
112735
202022
214222
401620
000122
102121
113221
202032
216222
402120
000152
102131
113321
202052
217222
402150
000212
102211
115424
202065
222242
402221
000242
102244
115727
202073
222272
402321
000422
102277
116244
202122
222342
402626
000452
102324
116277
202152
222372
403120
000752
102414
122244
202212
222432
403221
001022
102424
122277
202222
222442
500025
002141
102434
122434
202232
222732
500125
002171
102511
122737
202323
222772
500215
002322
102527
123244
202422
223243
500232
011221
102543
123277
202452
223273
500245
012121
102577
124266
202525
300013
500275
012321
102717
124333
202620
300022
500425
012421
102727
126276
202650
300032
500725
012451
102735
200012
202722
300043
502022
012526
105121
200022
202752
300074
502052
012626
105424
200042
203122
300123
502125
012721
105727
200052
203222
300322
502152
012751
106211
200060
203422
300421
502425
013421
106244
200071
203452
301021
502725
013721
106277
200122
203722
301250
503120
014221
111121
200152
204122
302123
602022
014251
111221
200212
204222
302423
602122
014321
111244
200222
204422
302521
602220
014351
111251
200232
205122
302723
602422
014421
111277
200242
205425
303321
602722
014621
111621
200260
205725
312123
612220
017221
112121
200272
206125
312423
622240
017251
112131
200324
206212
312521
622270
017561
112151
200423
206425
312723
701020
017621
112221
200452
206725
324243
701120
017721
112244
200545
207122
324251
701220
100011
112277
200575
207222
324273
701250
100121
112321
200620
207722
325271
701620
100211
112424
200722
211222
327273
702120
100244
112434
200752
212222
400001
702150
100277
112527
201022
212232
400021
702221
101211
112543
201122
212242
401020
702320
101244
112577
201222
212272
401120
702626
101277
112626
201422
212323
401220
703120