000000
000000
000000
000000
025271
072521
027251
052721
113221
121321
122131
132211
202422
220242
242022
224202
301021
320101
302011
310201
000012
010002
001002
000102
100011
110001
101001
100101
122244
142224
124224
122424
202452
250242
245022
224502
301220
320120
322010
312200
000020
020000
002000
000200
100061
160001
106001
100601
122277
172227
127227
122727
202520
220250
252020
225200
302511
310251
351021
325101
000030
030000
003000
000300
100077
170007
107007
100707
122434
132244
143224
124324
202552
250252
255022
225502
401120
420110
412010
411200
000050
050000
005000
000500
100111
110011
111001
101101
122547
142257
154227
125427
202622
220262
262022
226202
401220
420120
422010
412200
000063
060003
006003
000603
100121
120011
112001
101201
123244
142324
124234
132424
202722
220272
272022
227202
401250
450120
425010
412500
000071
070001
007001
000701
100211
110021
121001
102101
123277
172327
127237
132727
203122
220312
212032
231202
402120
420210
412020
421200
000112
010012
011002
001102
100244
140024
124004
102404
124255
152425
125245
142525
203216
210326
221036
232106
402221
420221
422021
422201
000122
020012
012002
001202
100277
170027
127007
102707
124267
162427
126247
142627
203226
220326
222036
232206
402326
420236
432026
423206
000132
030012
013002
001302
100511
110051
151001
105101
125275
172525
127255
152725
203422
220342
242032
234202
402520
420250
452020
425200
000212
010022
021002
002102
101011
110101
101011
110101
200012
210002
201002
200102
204222
220422
222042
242202
403221
420321
422031
432201
000220
020020
022000
002200
101111
110111
111011
111101
200022
220002
202002
200202
205122
220512
212052
251202
500022
520002
502002
500202
000230
030020
023000
002300
101244
140124
124014
112404
200042
240002
204002
200402
205212
210522
221052
252102
500215
510025
521005
502105
000262
060022
026002
002602
101277
170127
127017
112707
200071
270001
207001
200701
205222
220522
222052
252202
500225
520025
522005
502205
000272
070022
027002
002702
102026
120206
102026
120206
200122
220012
212002
201202
205521
220551
252051
255201
500232
530022
523002
502302
000320
020030
032000
003200
102121
120211
112021
121201
200152
250012
215002
201502
205725
220575
272055
257205
500272
570022
527002
502702
000525
020055
052005
005205
102211
110221
121021
122101
200212
210022
221002
202102
206222
220622
222062
262202
500520
520050
552000
505200
000622
020062
062002
006202
102244
140224
124024
122404
200222
220022
222002
202202
206722
220672
272062
267202
502022
520202
502022
520202
000722
020072
072002
007202
102263
160223
126023
122603
200232
230022
223002
202302
207122
220712
212072
271202
502122
520212
512022
521202
001022
020102
002012
010202
102277
170227
127027
122707
200242
240022
224002
202402
207222
220722
222072
272202
502152
550212
515022
521502
001120
020110
012010
011200
102327
120237
132027
123207
200250
250020
225000
202500
207422
220742
242072
274202
502220
520220
522020
522200
002020
020200
002020
020200
102424
120244
142024
124204
200262
260022
226002
202602
207722
220772
272072
277202
502244
540224
524024
522404
002030
030200
003020
020300
102626
120266
162026
126206
200272
270022
227002
202702
211222
221122
222112
212212
502722
520272
572022
527202
002050
050200
005020
020500
102644
140264
164024
126404
200326
220036
232006
203206
211261
261121
226111
212611
512122
521212
512122
521212
002125
020215
012025
021205
102677
170267
167027
126707
200423
220043
242003
204203
212222
221222
222122
222212
512220
521220
522120
522210
002220
020220
022020
022200
102710
110270
171020
127100
200517
210057
251007
205107
212242
241222
224122
222412
512422
521242
542122
524212
002322
020232
032022
023202
102727
120277
172027
127207
200522
220052
252002
205202
212262
261222
226122
222612
512722
521272
572122
527212
005222
020522
022052
052202
105427
120547
142057
154207
200575
270055
257005
205705
212272
271222
227122
222712
600011
610001
601001
600101
012321
021231
032121
023211
111121
121111
112111
111211
200722
220072
272002
207202
214222
221422
222142
242212
600021
620001
602001
600201
012421
021241
042121
024211
111221
121121
122111
112211
201022
220102
202012
210202
215222
221522
222152
252212
602120
620210
612020
621200
012525
021255
052125
025215
111244
141124
124114
112414
201122
220112
212012
211202
216222
221622
222162
262212
612125
621215
612125
621215
012621
021261
062121
026211
111251
151121
125111
112511
201222
220122
222012
212202
217222
221722
222172
272212
612131
631211
613121
621311
012721
021271
072121
027211
111261
161121
126111
112611
201422
220142
242012
214202
222272
272222
227222
222722
612225
621225
622125
622215
012751
051271
075121
027511
111277
171127
127117
112717
201722
220172
272012
217202
222442
242242
244222
224422
700077
770007
707007
700707
014221
021421
022141
042211
111522
121152
152112
115212
202022
220202
202022
220202
222462
262242
246222
224622
701120
720110
712010
711200
014321
021431
032141
043211
112121
121211
112121
121211
202032
230202
203022
220302
222762
262272
276222
227622
701220
720120
722010
712200
014421
021441
042141
044211
112221
121221
122121
122211
202052
250202
205022
220502
222772
272272
277222
227722
701250
750120
725010
712500
014721
021471
072141
047211
112244
141224
124124
122414
202073
270203
207023
220703
300013
310003
301003
300103
702120
720210
712020
721200
016251
051621
025161
062511
112251
151221
125121
122511
202122
220212
212022
221202
300022
320002
302002
300202
702221
720221
722021
722201
017221
021721
022171
072211
112277
171227
127127
122717
202152
250212
215022
221502
300041
340001
304001
300401
702251
750221
725021
722501
017255
051725
025175
072515
112321
121231
132121
123211
202212
210222
221022
222102
300076
370006
307006
300706
702321
720231
732021
723201
017521
021751
052171
075211
112424
121244
142124
124214
202222
220222
222022
222202
300123
320013
312003
301203
702525
720255
752025
725205
017621
021761
062171
076211
112621
121261
162121
126211
202272
270222
227022
222702
300421
320041
342001
304201
702720
720270
772020
727200
017721
021771
072171
077211
112727
121277
172127
127217
202321
220231
232021
223201
300622
320062
362002
306202
