000000
000000
000000
000000
000200
000020
020000
002000
001000
000100
000010
010000
030000
003000
000300
000030
000220
020020
022000
002200
200323
220033
232003
203203
202102
200212
210022
221002
123002
102302
100232
130022
322011
312201
301221
320121
200035
230005
203005
200305
135022
123502
102352
150232
300121
320011
312001
301201
050004
005004
000504
000054
000534
030054
053004
005304
500011
510001
501001
500101
040000
004000
000400
000040
024000
002400
000240
040020
211022
221102
202112
210212
104232
130422
123042
142302
144422
124442
142442
144242
410004
401004
400104
400014
040044
044004
004404
000444
400114
410014
411004
401104
424000
402400
400240
440020
440040
444000
404400
400440
404220
420420
422040
442200
440422
424042
442402
404242
204212
210422
221042
242102
222033
232203
203223
220323
244422
224442
242442
244242
202033
230203
203023
220303
200022
220002
202002
200202
133022
123302
102332
130232
000330
030030
033000
003300
302011
310201
301021
320101
000110
010010
011000
001100
105022
120502
102052
150202
004220
020420
022040
042200
201022
220102
202012
210202
404200
400420
420040
442000
103022
120302
102032
130202
004203
000423
020043
042003
404232
430422
423042
442302
304201
300421
320041
342001
232033
233203
203323
220333
003335
030335
033035
033305
153020
125300
102530
130250
312011
311201
301121
320111
501110
510110
511010
511100
105232
130522
123052
152302
001020
020100
002010
010200
042020
024200
002420
020240
400000
400000
400000
400000
002030
030200
003020
020300
002020
020200
002020
020200
003200
000320
020030
032000
300202
300022
320002
302002
230323
223033
232303
203233
003030
030300
003030
030300
001010
010100
001010
010100
004030
030400
003040
040300
004010
010400
001040
040100
034200
003420
020340
042030
002430
030240
043020
024300
030040
043000
004300
000430
