000000
025271
113221
202422
301021
000012
100011
122244
202452
301220
000020
100061
122277
202520
302511
000030
100077
122434
202552
401120
000050
100111
122547
202622
401220
000063
100121
123244
202722
401250
000071
100211
123277
203122
402120
000112
100244
124255
203216
402221
000122
100277
124267
203226
402326
000132
100511
125275
203422
402520
000212
101011
200012
204222
403221
000220
101111
200022
205122
500022
000230
101244
200042
205212
500215
000262
101277
200071
205222
500225
000272
102026
200122
205521
500232
000320
102121
200152
205725
500272
000525
102211
200212
206222
500520
000622
102244
200222
206722
502022
000722
102263
200232
207122
502122
001022
102277
200242
207222
502152
001120
102327
200250
207422
502220
002020
102424
200262
207722
502244
002030
102626
200272
211222
502722
002050
102644
200326
211261
512122
002125
102677
200423
212222
512220
002220
102710
200517
212242
512422
002322
102727
200522
212262
512722
005222
105427
200575
212272
600011
012321
111121
200722
214222
600021
012421
111221
201022
215222
602120
012525
111244
201122
216222
612125
012621
111251
201222
217222
612131
012721
111261
201422
222272
612225
012751
111277
201722
222442
700077
014221
111522
202022
222462
701120
014321
112121
202032
222762
701220
014421
112221
202052
222772
701250
014721
112244
202073
300013
702120
016251
112251
202122
300022
702221
017221
112277
202152
300041
702251
017255
112321
202212
300076
702321
017521
112424
202222
300123
702525
017621
112621
202272
300421
702720
017721
112727
202321
300622
