003001
000301
000031
030001
002102
000212
010022
021002
003101
000311
010031
031001
005102
000512
010052
051002
005205
000525
020055
052005
001305
000135
030015
013005
002303
000233
030023
023003
002402
000242
040022
024002
100000
101000
100100
100010
110000
103003
100303
100033
130003
104000
100400
100040
140000
103300
100330
130030
133000
103401
100341
140031
134001
101233
130123
123013
112303
113521
121351
152131
135211
123543
142353
154233
135423
200000
205105
200515
210055
251005
202200
200220
220020
222000
202020
220200
205125
220515
212055
251205
205323
220533
232053
253203
202525
220255
252025
225205
301000
300100
300010
310000
303000
300300
300030
330000
301100
300110
310010
311000
302101
300211
310021
321001
301211
310121
321011
312101
303211
310321
321031
332101
312211
311221
321121
322111
313211
311321
321131
332111
315121
321511
312151
351211
313221
321321
322131
332211
313321
321331
332131
333211
315325
321535
332155
353215
313251
351321
325131
332511
312341
341231
334121
323411
312545
341255
354125
325415
403005
400305
400035
430005
403404
400344
440034
434004
402124
420214
412024
421204
402324
420234
432024
423204
402424
420244
442024
424204
402520
420250
452020
425200
405235
430525
423055
452305
502205
500225
520025
522005
502305
500235
530025
523005
502124
520214
512024
521204
502220
520220
522020
522200
502230
530220
523020
522300
000000
000010
000020
000040
000050
000100
000110
000120
000140
000150
000200
000220
000250
000320
000330
000340
000350
000400
000410
000420
000430
000440
000450
000500
000530
000540
000550
001000
001010
001020
001030
001040
001050
001100
001110
001120
001130
001140
001150
001200
001210
001220
001230
001240
001250
001310
001320
001330
001340
001350
001400
001410
001420
001430
001440
001450
001500
001510
001520
001530
001540
001550
002000
002010
002020
002030
002040
002050
002110
002120
002130
002140
002150
002200
002210
002220
002230
002240
002250
002310
002320
002330
002340
002350
002410
002420
002430
002440
002450
002500
002510
002520
002530
002540
002550
003010
003020
003030
003040
003050
003110
003120
003130
003140
003150
003200
003210
003220
003230
003240
003250
003300
003310
003320
003330
003340
003350
003400
003410
003420
003430
003440
003450
003500
003510
003520
003530
003540
003550
004000
004010
004020
004030
004040
004050
004100
004110
004120
004130
004140
004150
004200
004210
004220
004230
004240
004250
004300
004310
004320
004330
004340
004350
004400
004410
004420
004430
004440
004450
004500
004510
004520
004530
004540
004550
005000
005010
005020
005030
005040
005050
005110
005120
005130
005140
005150
005210
005220
005230
005240
005250
005300
005310
005320
005330
005340
005350
005400
005410
005420
005430
005440
005450
005500
005510
005520
005530
005540
005550
010000
010010
010040
010100
010110
010120
010130
010140
010150
010200
010210
010220
010230
010240
010250
010300
010310
010320
010330
010340
010350
010400
010410
010420
010430
010440
010450
010500
010510
010520
010530
010540
010550
011000
011010
011020
011030
011040
011050
011100
011110
011120
011130
011140
011150
011200
011210
011220
011230
011240
011250
011300
011310
011320
011330
011340
011350
011400
011410
011420
011430
011440
011450
011500
011510
011520
011530
011540
011550
012000
012010
012020
012030
012040
012050
012100
012110
012120
012130
012140
012150
012200
012210
012220
012230
012240
012250
012300
012310
012320
012330
012340
012350
012400
012410
012420
012430
012440
012450
012500
012510
012520
012530
012540
012550
013010
013020
013030
013040
013050
013100
013110
013120
013130
013140
013150
013200
013210
013220
013230
013240
013250
013300
013310
013320
013330
013340
013350
013400
013410
013420
013430
013440
013450
013500
013510
013520
013530
013540
013550
014000
014010
014020
014030
014040
014050
014100
014110
014120
014130
014140
014150
014200
014210
014220
014230
014240
014250
014300
014310
014320
014330
014340
014350
014400
014410
014420
014430
014440
014450
014500
014510
014520
014530
014540
014550
015000
015010
015020
015030
015040
015050
015100
015110
015120
015130
015140
015150
015200
015210
015220
015230
015240
015250
015300
015310
015320
015330
015340
015350
015400
015410
015420
015430
015440
015450
015500
015510
015520
015530
015540
015550
020000
020010
020020
020030
020040
020100
020110
020120
020130
020140
020150
020200
020210
020220
020230
020240
020250
020300
020310
020320
020330
020340
020350
020400
020410
020420
020430
020440
020450
020500
020510
020520
020530
020540
020550
021010
021020
021030
021040
021050
021100
021110
021120
021130
021140
021150
021200
021210
021220
021230
021240
021250
021300
021310
021320
021330
021340
021350
021400
021410
021420
021430
021440
021450
021500
021510
021520
021530
021540
021550
022000
022010
022020
022030
022040
022050
022100
022110
022120
022130
022140
022150
022200
022210
022220
022230
022240
022250
022300
022310
022320
022330
022340
022350
022400
022410
022420
022430
022440
022450
022500
022510
022520
022530
022540
022550
023010
023020
023030
023040
023050
023100
023110
023120
023130
023140
023150
023200
023210
023220
023230
023240
023250
023300
023310
023320
023330
023340
023350
023400
023410
023420
023430
023440
023450
023500
023510
023520
023530
023540
023550
024010
024020
024030
024040
024050
024100
024110
024120
024130
024140
024150
024200
024210
024220
024230
024240
024250
024300
024310
024320
024330
024340
024350
024400
024410
024420
024430
024440
024450
024500
024510
024520
024530
024540
024550
025000
025010
025020
025030
025040
025050
025100
025110
025120
025130
025140
025150
025200
025210
025220
025230
025240
025250
025300
025310
025320
025330
025340
025350
025400
025410
025420
025430
025440
025450
025500
025510
025520
025530
025540
025550
030030
030040
030050
030100
030110
030120
030130
030140
030150
030200
030210
030220
030230
030240
030250
030300
030310
030320
030330
030340
030350
030400
030410
030420
030430
030440
030450
030500
030510
030520
030530
030540
030550
031010
031020
031030
031040
031050
031100
031110
031120
031130
031140
031150
031200
031210
031220
031230
031240
031250
031300
031310
031320
031330
031340
031350
031400
031410
031420
031430
031440
031450
031500
031510
031520
031530
031540
031550
032000
032010
032020
032030
032040
032050
032100
032110
032120
032130
032140
032150
032200
032210
032220
032230
032240
032250
032300
032310
032320
032330
032340
032350
032400
032410
032420
032430
032440
032450
032500
032510
032520
032530
032540
032550
033000
033010
033020
033030
033040
033050
033100
033110
033120
033130
033140
033150
033200
033210
033220
033230
033240
033250
033300
033310
033320
033330
033340
033350
033400
033410
033420
033430
033440
033450
033500
033510
033520
033530
033540
033550
034000
034010
034020
034030
034040
034050
034100
034110
034120
034130
034140
034150
034200
034210
034220
034230
034240
034250
034300
034310
034320
034330
034340
034350
034400
034410
034420
034430
034440
034450
034500
034510
034520
034530
034540
034550
035000
035010
035020
035030
035040
035050
035100
035110
035120
035130
035140
035150
035200
035210
035220
035230
035240
035250
035300
035310
035320
035330
035340
035350
035400
035410
035420
035430
035440
035450
035500
035510
035520
035530
035540
035550
040000
040010
040030
040040
040050
040100
040110
040120
040130
040140
040150
040200
040210
040220
040230
040240
040250
040300
040310
040320
040330
040340
040350
040400
040410
040420
040430
040440
040450
040500
040510
040520
040530
040540
040550
041000
041010
041020
041030
041040
041050
041100
041110
041120
041130
041140
041150
041200
041210
041220
041230
041240
041250
041300
041310
041320
041330
041340
041350
041400
041410
041420
041430
041440
041450
041500
041510
041520
041530
041540
041550
042000
042010
042020
042030
042040
042050
042100
042110
042120
042130
042140
042150
042200
042210
042220
042230
042240
042250
042300
042310
042320
042330
042340
042350
042400
042410
042420
042430
042440
042450
042500
042510
042520
042530
042540
042550
043000
043010
043020
043030
043040
043050
043100
043110
043120
043130
043140
043150
043200
043210
043220
043230
043240
043250
043300
043310
043320
043330
043340
043350
043400
043410
043420
043430
043440
043450
043500
043510
043520
043530
043540
043550
044000
044010
044020
044030
044040
044050
044100
044110
044120
044130
044140
044150
044200
044210
044220
044230
044240
044250
044300
044310
044320
044330
044340
044350
044400
044410
044420
044430
044440
044450
044500
044510
044520
044530
044540
044550
045000
045010
045020
045030
045040
045050
045100
045110
045120
045130
045140
045150
045200
045210
045220
045230
045240
045250
045300
045310
045320
045330
045340
045350
045400
045410
045420
045430
045440
045450
045500
045510
045520
045530
045540
045550
050000
050010
050020
050030
050040
050050
050100
050110
050120
050130
050140
050150
050200
050210
050220
050230
050240
050250
050300
050310
050320
050330
050340
050350
050400
050410
050420
050430
050440
050450
050500
050510
050520
050530
050540
050550
051010
051020
051030
051040
051050
051100
051110
051120
051130
051140
051150
051200
051210
051220
051230
051240
051250
051300
051310
051320
051330
051340
051350
051400
051410
051420
051430
051440
051450
051500
051510
051520
051530
051540
051550
052010
052020
052030
052040
052050
052100
052110
052120
052130
052140
052150
052200
052210
052220
052230
052240
052250
052300
052310
052320
052330
052340
052350
052400
052410
052420
052430
052440
052450
052500
052510
052520
052530
052540
052550
053000
053010
053020
053030
053040
053050
053100
053110
053120
053130
053140
053150
053200
053210
053220
053230
053240
053250
053300
053310
053320
053330
053340
053350
053400
053410
053420
053430
053440
053450
053500
053510
053520
053530
053540
053550
054000
054010
054020
054030
054040
054050
054100
054110
054120
054130
054140
054150
054200
054210
054220
054230
054240
054250
054300
054310
054320
054330
054340
054350
054400
054410
054420
054430
054440
054450
054500
054510
054520
054530
054540
054550
055000
055010
055020
055030
055040
055050
055100
055110
055120
055130
055140
055150
055200
055210
055220
055230
055240
055250
055300
055310
055320
055330
055340
055350
055400
055410
055420
055430
055440
055450
055500
055510
055520
055530
055540
055550
100024
100054
100114
100124
100134
100144
100154
100204
100214
100224
100234
100244
100254
100314
100324
100354
100414
100424
100434
100444
100454
100504
100514
100524
100534
100544
100554
101014
101024
101034
101044
101054
101104
101114
101124
101134
101144
101154
101204
101214
101224
101244
101254
101304
101314
101324
101334
101344
101354
101404
101414
101424
101434
101444
101454
101504
101514
101524
101534
101544
101554
102004
102014
102024
102034
102044
102054
102104
102114
102124
102134
102144
102154
102204
102214
102224
102234
102244
102254
102304
102314
102324
102334
102344
102354
102404
102414
102424
102434
102444
102454
102504
102514
102524
102534
102544
102554
103014
103024
103034
103044
103054
103104
103114
103124
103134
103144
103154
103204
103214
103224
103234
103244
103254
103314
103324
103334
103344
103354
103414
103424
103434
103444
103454
103504
103514
103524
103534
103544
103554
104014
104024
104034
104044
104054
104104
104114
104124
104134
104144
104154
104204
104214
104224
104234
104244
104254
104304
104314
104324
104334
104344
104354
104404
104414
104424
104434
104444
104454
104504
104514
104524
104534
104544
104554
105004
105014
105024
105034
105044
105054
105104
105114
105124
105134
105144
105154
105204
105214
105224
105234
105244
105254
105304
105314
105324
105334
105344
105354
105404
105414
105424
105434
105444
105454
105504
105514
105524
105534
105544
105554
110014
110024
110034
110044
110054
110104
110114
110124
110134
110144
110154
110204
110214
110224
110234
110244
110254
110304
110314
110324
110334
110344
110354
110404
110414
110424
110434
110444
110454
110504
110514
110524
110534
110544
110554
111004
111014
111024
111034
111044
111054
111104
111114
111124
111134
111144
111154
111204
111214
111224
111234
111244
111254
111304
111314
111324
111334
111344
111354
111404
111414
111424
111434
111444
111454
111504
111514
111524
111534
111544
111554
112004
112014
112024
112034
112044
112054
112104
112114
112124
112134
112144
112154
112204
112214
112224
112234
112244
112254
112314
112324
112334
112344
112354
112404
112414
112424
112434
112444
112454
112504
112514
112524
112534
112544
112554
113004
113014
113024
113034
113044
113054
113104
113114
113124
113134
113144
113154
113204
113214
113224
113234
113244
113254
113304
113314
113324
113334
113344
113354
113404
113414
113424
113434
113444
113454
113504
113514
113534
113544
113554
114004
114014
114024
114034
114044
114054
114104
114114
114124
114134
114144
114154
114204
114214
114224
114234
114244
114254
114304
114314
114324
114334
114344
114354
114404
114414
114424
114434
114444
114454
114504
114514
114524
114534
114544
114554
115004
115014
115024
115034
115044
115054
115104
115114
115124
115134
115144
115154
115204
115214
115224
115234
115244
115254
115304
115314
115324
115334
115344
115354
115404
115414
115424
115434
115444
115454
115504
115514
115524
115534
115544
115554
120004
120014
120024
120034
120044
120054
120104
120114
120124
120134
120144
120154
120204
120214
120224
120234
120244
120254
120304
120314
120324
120334
120344
120354
120404
120414
120424
120434
120444
120454
120504
120514
120524
120534
120544
120554
121004
121014
121024
121034
121044
121054
121104
121114
121124
121134
121144
121154
121204
121214
121224
121234
121244
121254
121304
121314
121324
121334
121344
121404
121414
121424
121434
121444
121454
121504
121514
121524
121534
121544
121554
122004
122014
122024
122034
122044
122054
122104
122114
122124
122134
122144
122154
122204
122214
122224
122234
122244
122254
122304
122314
122324
122334
122344
122354
122404
122414
122424
122434
122444
122454
122504
122514
122524
122534
122544
122554
123004
123024
123034
123044
123054
123104
123114
123124
123134
123144
123154
123204
123214
123224
123234
123244
123254
123304
123314
123324
123334
123344
123354
123404
123414
123424
123434
123444
123454
123504
123514
123524
123534
123554
124004
124014
124024
124034
124044
124054
124104
124114
124124
124134
124144
124154
124204
124214
124224
124234
124244
124254
124304
124314
124324
124334
124344
124354
124404
124414
124424
124434
124444
124454
124504
124514
124524
124534
124544
124554
125004
125014
125024
125034
125044
125054
125104
125114
125124
125134
125144
125154
125204
125214
125224
125234
125244
125254
125304
125314
125324
125334
125344
125354
125404
125414
125424
125434
125444
125454
125504
125514
125524
125534
125544
125554
130014
130024
130044
130054
130104
130114
130134
130144
130154
130204
130214
130224
130234
130244
130254
130304
130314
130324
130334
130344
130354
130404
130414
130424
130434
130444
130454
130504
130514
130524
130534
130544
130554
131004
131014
131024
131034
131044
131054
131104
131114
131124
131134
131144
131154
131204
131214
131224
131234
131244
131254
131304
131314
131324
131334
131344
131354
131404
131414
131424
131434
131444
131454
131504
131514
131524
131534
131544
131554
132004
132014
132024
132034
132044
132054
132104
132114
132124
132134
132144
132154
132204
132214
132224
132234
132244
132254
132304
132314
132324
132334
132344
132354
132404
132414
132424
132434
132444
132454
132504
132514
132524
132534
132544
132554
133014
133024
133034
133044
133054
133104
133114
133124
133134
133144
133154
133204
133214
133224
133234
133244
133254
133304
133314
133324
133334
133344
133354
133404
133414
133424
133434
133444
133454
133504
133514
133524
133534
133544
133554
134014
134024
134034
134044
134054
134104
134114
134124
134134
134144
134154
134204
134214
134224
134234
134244
134254
134304
134314
134324
134334
134344
134354
134404
134414
134424
134434
134444
134454
134504
134514
134524
134534
134544
134554
135004
135014
135024
135034
135044
135054
135104
135114
135124
135134
135144
135154
135204
135224
135234
135244
135254
135304
135314
135324
135334
135344
135354
135404
135414
135434
135444
135454
135504
135514
135524
135534
135544
135554
140014
140024
140044
140054
140104
140114
140124
140134
140144
140154
140204
140214
140224
140234
140244
140254
140304
140314
140324
140334
140344
140354
140404
140414
140424
140434
140444
140454
140504
140514
140524
140534
140544
140554
141004
141014
141024
141034
141044
141054
141104
141114
141124
141134
141144
141154
141204
141214
141224
141234
141244
141254
141304
141314
141324
141334
141344
141354
141404
141414
141424
141434
141444
141454
141504
141514
141524
141534
141544
141554
142004
142014
142024
142034
142044
142054
142104
142114
142124
142134
142144
142154
142204
142214
142224
142234
142244
142254
142304
142314
142324
142334
142344
142404
142414
142424
142434
142444
142454
142504
142514
142524
142534
142544
142554
143004
143014
143024
143034
143044
143054
143104
143114
143124
143134
143144
143154
143204
143214
143224
143234
143244
143254
143304
143314
143324
143334
143344
143354
143404
143414
143424
143434
143444
143454
143504
143514
143524
143534
143544
143554
144004
144014
144024
144034
144044
144054
144104
144114
144124
144134
144144
144154
144204
144214
144224
144234
144244
144254
144304
144314
144324
144334
144344
144354
144404
144414
144424
144434
144444
144454
144504
144514
144524
144534
144544
144554
145004
145014
145024
145034
145044
145054
145104
145114
145124
145134
145144
145154
145204
145214
145224
145234
145244
145254
145304
145314
145324
145334
145344
145354
145404
145414
145424
145434
145444
145454
145504
145514
145524
145534
145544
145554
150004
150014
150024
150034
150044
150054
150104
150114
150124
150134
150144
150154
150204
150214
150224
150234
150244
150254
150304
150314
150324
150334
150344
150354
150404
150414
150424
150434
150444
150454
150504
150514
150524
150534
150544
150554
151004
151014
151024
151034
151044
151054
151104
151114
151124
151134
151144
151154
151204
151214
151224
151234
151244
151254
151304
151314
151324
151334
151344
151354
151404
151414
151424
151434
151444
151454
151504
151514
151524
151534
151544
151554
152004
152014
152024
152034
152044
152054
152104
152114
152124
152144
152154
152204
152214
152224
152234
152244
152254
152304
152314
152324
152334
152344
152354
152404
152414
152424
152434
152444
152454
152504
152514
152524
152534
152544
152554
153004
153014
153024
153034
153044
153054
153104
153114
153124
153134
153144
153154
153204
153214
153224
153234
153244
153254
153304
153314
153324
153334
153344
153354
153404
153414
153424
153434
153444
153454
153504
153514
153524
153534
153544
153554
154004
154014
154024
154034
154044
154054
154104
154114
154124
154134
154144
154154
154204
154214
154224
154244
154254
154304
154314
154324
154334
154344
154354
154404
154414
154424
154434
154444
154454
154504
154514
154524
154534
154544
154554
155004
155014
155024
155034
155044
155054
155104
155114
155124
155134
155144
155154
155204
155214
155224
155234
155244
155254
155304
155314
155324
155334
155344
155354
155404
155414
155424
155434
155444
155454
155504
155514
155524
155534
155544
155554
200012
200022
200032
200042
200052
200102
200112
200122
200132
200142
200152
200202
200212
200232
200242
200252
200302
200312
200322
200332
200342
200352
200402
200412
200422
200432
200442
200452
200502
200522
200532
200542
200552
201002
201012
201022
201032
201042
201052
201102
201112
201122
201132
201142
201152
201202
201212
201222
201232
201242
201252
201302
201312
201322
201332
201342
201352
201402
201412
201422
201432
201442
201452
201502
201512
201522
201532
201542
201552
202002
202012
202032
202042
202052
202102
202112
202122
202132
202142
202152
202212
202222
202232
202242
202252
202302
202312
202322
202332
202342
202352
202402
202412
202422
202432
202442
202452
202502
202512
202532
202542
202552
203002
203012
203022
203032
203042
203052
203102
203112
203122
203132
203142
203152
203202
203212
203222
203232
203242
203252
203302
203312
203322
203332
203342
203352
203402
203412
203422
203432
203442
203452
203502
203512
203522
203532
203542
203552
204002
204012
204022
204032
204042
204052
204102
204112
204122
204132
204142
204152
204202
204212
204222
204232
204242
204252
204302
204312
204322
204332
204342
204352
204402
204412
204422
204432
204442
204452
204502
204512
204522
204532
204542
204552
205002
205012
205022
205032
205042
205052
205112
205132
205142
205152
205202
205212
205222
205232
205242
205252
205302
205312
205332
205342
205352
205402
205412
205422
205432
205442
205452
205502
205512
205522
205532
205542
205552
210002
210012
210022
210032
210042
210102
210112
210122
210132
210142
210152
210202
210212
210222
210232
210242
210252
210302
210312
210322
210332
210342
210352
210402
210412
210422
210432
210442
210452
210502
210512
210522
210532
210542
210552
211002
211012
211022
211032
211042
211052
211102
211112
211122
211132
211142
211152
211202
211212
211222
211232
211242
211252
211302
211312
211322
211332
211342
211352
211402
211412
211422
211432
211442
211452
211502
211512
211522
211532
211542
211552
212002
212012
212022
212032
212042
212102
212112
212122
212132
212142
212152
212202
212212
212222
212232
212242
212252
212302
212312
212322
212332
212342
212352
212402
212412
212422
212432
212442
212452
212502
212512
212522
212532
212542
212552
213002
213012
213022
213032
213042
213052
213102
213112
213122
213132
213142
213152
213202
213212
213222
213232
213242
213252
213302
213312
213322
213332
213342
213352
213402
213412
213422
213432
213442
213452
213502
213512
213522
213532
213542
213552
214002
214012
214022
214032
214042
214052
214102
214112
214122
214132
214142
214152
214202
214212
214222
214232
214242
214252
214302
214312
214322
214332
214342
214352
214402
214412
214422
214432
214442
214452
214502
214512
214522
214532
214542
214552
215002
215012
215022
215032
215042
215052
215102
215112
215122
215132
215142
215152
215202
215212
215222
215232
215242
215252
215302
215312
215322
215332
215342
215352
215402
215412
215422
215432
215442
215452
215502
215512
215522
215532
215542
215552
220002
220012
220032
220042
220052
220102
220112
220122
220132
220142
220152
220212
220222
220232
220242
220302
220312
220322
220332
220342
220352
220402
220412
220422
220432
220442
220452
220502
220522
220542
220552
221002
221012
221022
221032
221042
221052
221102
221112
221122
221132
221142
221152
221202
221212
221222
221232
221242
221252
221302
221312
221322
221332
221342
221352
221402
221412
221422
221432
221442
221452
221502
221512
221522
221532
221542
221552
222012
222022
222032
222042
222052
222102
222112
222122
222132
222142
222152
222202
222212
222222
222232
222242
222252
222302
222312
222322
222332
222342
222352
222402
222412
222422
222432
222442
222452
222502
222512
222522
222532
222542
222552
223002
223012
223022
223032
223042
223052
223102
223112
223122
223132
223142
223152
223202
223212
223222
223232
223242
223252
223302
223312
223322
223332
223342
223352
223402
223412
223422
223432
223442
223452
223502
223512
223522
223532
223542
223552
224002
224012
224022
224032
224042
224052
224102
224112
224122
224132
224142
224152
224202
224212
224222
224232
224242
224252
224302
224312
224322
224332
224342
224352
224402
224412
224422
224432
224442
224452
224502
224512
224522
224532
224542
224552
225002
225012
225022
225032
225042
225052
225102
225112
225122
225132
225142
225152
225212
225222
225232
225242
225252
225302
225312
225322
225332
225342
225352
225402
225412
225422
225432
225442
225452
225502
225512
225522
225532
225542
225552
230002
230012
230022
230032
230042
230052
230102
230112
230122
230132
230142
230152
230202
230212
230222
230232
230242
230252
230302
230312
230322
230332
230342
230352
230402
230412
230422
230432
230442
230452
230502
230512
230522
230532
230542
230552
231002
231012
231022
231032
231042
231052
231102
231112
231122
231132
231142
231152
231202
231212
231222
231232
231242
231252
231302
231312
231322
231332
231342
231352
231402
231412
231422
231432
231442
231452
231502
231512
231522
231532
231542
231552
232002
232012
232022
232032
232042
232102
232112
232122
232132
232142
232152
232202
232212
232222
232232
232242
232252
232302
232312
232322
232332
232342
232352
232402
232412
232422
232432
232442
232452
232502
232512
232522
232532
232542
232552
233002
233012
233022
233032
233042
233052
233102
233112
233122
233132
233142
233152
233202
233212
233222
233232
233242
233252
233302
233312
233322
233332
233342
233352
233402
233412
233422
233432
233442
233452
233502
233512
233522
233532
233542
233552
234002
234012
234022
234032
234042
234052
234102
234112
234122
234132
234142
234152
234202
234212
234222
234232
234242
234252
234302
234312
234322
234332
234342
234352
234402
234412
234422
234432
234442
234452
234502
234512
234522
234532
234542
234552
235002
235012
235022
235032
235042
235052
235102
235112
235122
235132
235142
235152
235202
235212
235222
235232
235242
235252
235302
235312
235322
235332
235342
235352
235402
235412
235422
235432
235442
235452
235502
235512
235522
235532
235542
235552
240002
240012
240022
240032
240042
240052
240102
240112
240122
240132
240142
240152
240202
240212
240222
240232
240242
240252
240302
240312
240322
240332
240342
240352
240402
240412
240422
240432
240442
240452
240502
240512
240522
240532
240542
240552
241002
241012
241022
241032
241042
241052
241102
241112
241122
241132
241142
241152
241202
241212
241222
241232
241242
241252
241302
241312
241322
241332
241342
241352
241402
241412
241422
241432
241442
241452
241502
241512
241522
241532
241542
241552
242002
242012
242022
242032
242042
242052
242102
242112
242122
242132
242142
242152
242202
242212
242222
242232
242242
242252
242302
242312
242322
242332
242342
242352
242402
242412
242422
242432
242442
242452
242502
242512
242522
242532
242542
242552
243002
243012
243022
243032
243042
243052
243102
243112
243122
243132
243142
243152
243202
243212
243222
243232
243242
243252
243302
243312
243322
243332
243342
243352
243402
243412
243422
243432
243442
243452
243502
243512
243522
243532
243542
243552
244002
244012
244022
244032
244042
244052
244102
244112
244122
244132
244142
244152
244202
244212
244222
244232
244242
244252
244302
244312
244322
244332
244342
244352
244402
244412
244422
244432
244442
244452
244502
244512
244522
244532
244542
244552
245002
245012
245022
245032
245042
245052
245102
245112
245122
245132
245142
245152
245202
245212
245222
245232
245242
245252
245302
245312
245322
245332
245342
245352
245402
245412
245422
245432
245442
245452
245502
245512
245522
245532
245542
245552
250002
250012
250022
250032
250042
250052
250102
250112
250122
250132
250142
250152
250202
250212
250222
250232
250242
250252
250302
250312
250322
250332
250342
250352
250402
250412
250422
250432
250442
250452
250502
250512
250522
250532
250542
250552
251012
251022
251032
251042
251052
251102
251112
251122
251132
251142
251152
251212
251222
251232
251242
251252
251302
251312
251322
251332
251342
251352
251402
251412
251422
251432
251442
251452
251502
251512
251522
251532
251542
251552
252002
252012
252032
252042
252052
252102
252112
252122
252132
252142
252152
252202
252212
252222
252232
252242
252252
252302
252312
252322
252332
252342
252352
252402
252412
252422
252432
252442
252452
252502
252512
252522
252532
252542
252552
253002
253012
253022
253032
253042
253052
253102
253112
253122
253132
253142
253152
253212
253222
253232
253242
253252
253302
253312
253322
253332
253342
253352
253402
253412
253422
253432
253442
253452
253502
253512
253522
253532
253542
253552
254002
254012
254022
254032
254042
254052
254102
254112
254122
254132
254142
254152
254202
254212
254222
254232
254242
254252
254302
254312
254322
254332
254342
254352
254402
254412
254422
254432
254442
254452
254502
254512
254522
254532
254542
254552
255002
255012
255022
255032
255042
255052
255102
255112
255122
255132
255142
255152
255202
255212
255222
255232
255242
255252
255302
255312
255322
255332
255342
255352
255402
255412
255422
255432
255442
255452
255502
255512
255522
255532
255542
255552
300003
300023
300043
300053
300123
300133
300143
300153
300203
300223
300233
300243
300253
300313
300323
300333
300343
300353
300403
300413
300423
300433
300443
300453
300503
300513
300523
300533
300543
300553
301013
301023
301033
301043
301053
301113
301123
301133
301143
301153
301203
301223
301233
301243
301253
301303
301313
301323
301333
301343
301353
301403
301413
301423
301433
301443
301453
301503
301513
301523
301533
301543
301553
302003
302013
302023
302033
302043
302053
302113
302123
302133
302143
302153
302203
302213
302223
302233
302243
302253
302303
302313
302323
302333
302343
302353
302403
302413
302423
302433
302443
302453
302503
302513
302523
302533
302543
302553
303013
303023
303033
303043
303053
303103
303113
303123
303133
303143
303153
303203
303223
303233
303243
303253
303303
303313
303323
303333
303343
303353
303403
303413
303423
303433
303443
303453
303503
303513
303523
303533
303543
303553
304003
304013
304023
304033
304043
304053
304103
304113
304123
304133
304143
304153
304203
304213
304223
304233
304243
304253
304303
304313
304323
304333
304343
304353
304403
304413
304423
304433
304443
304453
304503
304513
304523
304533
304543
304553
305003
305013
305023
305033
305043
305053
305103
305113
305123
305133
305143
305153
305203
305213
305223
305233
305243
305253
305303
305313
305323
305333
305343
305353
305403
305413
305423
305433
305443
305453
305503
305513
305523
305533
305543
305553
310033
310043
310053
310103
310113
310133
310143
310153
310203
310213
310223
310233
310243
310253
310303
310313
310333
310343
310353
310403
310413
310423
310433
310443
310453
310503
310513
310523
310533
310543
310553
311013
311023
311033
311043
311053
311103
311113
311123
311133
311143
311153
311203
311213
311233
311243
311253
311303
311313
311333
311343
311353
311403
311413
311423
311433
311443
311453
311503
311513
311523
311533
311543
311553
312003
312013
312023
312033
312043
312053
312113
312123
312133
312143
312203
312223
312233
312243
312253
312303
312313
312323
312333
312353
312403
312413
312423
312433
312443
312453
312503
312513
312523
312533
312553
313003
313013
313023
313033
313043
313053
313103
313113
313123
313133
313143
313153
313203
313233
313243
313303
313313
313333
313343
313353
313403
313413
313423
313433
313443
313453
313503
313513
313523
313533
313543
313553
314003
314013
314023
314033
314043
314053
314103
314113
314123
314133
314143
314153
314203
314213
314223
314233
314243
314253
314303
314313
314323
314333
314343
314353
314403
314413
314423
314433
314443
314453
314503
314513
314523
314533
314543
314553
315003
315013
315023
315033
315043
315053
315103
315113
315133
315143
315153
315203
315213
315223
315233
315243
315253
315303
315313
315333
315343
315353
315403
315413
315423
315433
315443
315453
315503
315513
315523
315533
315543
315553
320003
320013
320023
320033
320043
320053
320103
320113
320123
320133
320143
320153
320203
320213
320223
320233
320243
320253
320303
320313
320323
320333
320343
320353
320403
320413
320423
320433
320443
320453
320503
320513
320523
320533
320543
320553
321023
321043
321053
321103
321113
321143
321153
321203
321213
321223
321233
321243
321253
321303
321313
321343
321353
321403
321413
321423
321433
321443
321453
321503
321523
321543
321553
322003
322013
322023
322033
322043
322053
322103
322123
322143
322153
322203
322213
322223
322233
322243
322253
322303
322313
322323
322333
322343
322353
322403
322413
322423
322433
322443
322453
322503
322513
322523
322533
322543
322553
323003
323013
323023
323033
323043
323053
323103
323113
323123
323133
323143
323153
323203
323213
323223
323233
323243
323253
323303
323313
323323
323333
323343
323353
323403
323423
323433
323443
323453
323503
323513
323523
323533
323543
323553
324003
324013
324023
324033
324043
324053
324103
324113
324123
324133
324143
324153
324203
324213
324223
324233
324243
324253
324303
324313
324323
324333
324343
324353
324403
324413
324423
324433
324443
324453
324503
324513
324523
324533
324543
324553
325003
325013
325023
325033
325043
325053
325103
325113
325123
325143
325153
325203
325213
325223
325233
325243
325253
325303
325313
325323
325333
325343
325353
325403
325423
325433
325443
325453
325503
325513
325523
325533
325543
325553
330013
330023
330033
330043
330053
330103
330113
330123
330133
330143
330153
330203
330213
330223
330233
330243
330253
330303
330313
330323
330333
330343
330353
330403
330413
330423
330433
330443
330453
330503
330513
330523
330533
330543
330553
331003
331013
331023
331033
331043
331053
331103
331113
331123
331133
331143
331153
331203
331213
331223
331233
331243
331253
331303
331313
331323
331333
331343
331353
331403
331413
331423
331433
331443
331453
331503
331513
331523
331533
331543
331553
332003
332013
332023
332033
332043
332053
332123
332143
332203
332223
332233
332243
332253
332303
332313
332323
332333
332343
332353
332403
332413
332423
332433
332443
332453
332503
332523
332533
332543
332553
333003
333013
333023
333033
333043
333053
333103
333113
333123
333133
333143
333153
333203
333223
333233
333243
333253
333303
333313
333323
333333
333343
333353
333403
333413
333423
333433
333443
333453
333503
333513
333523
333533
333543
333553
334003
334013
334023
334033
334043
334053
334103
334113
334133
334143
334153
334203
334213
334223
334233
334243
334253
334303
334313
334323
334333
334343
334353
334403
334413
334423
334433
334443
334453
334503
334513
334523
334533
334543
334553
335003
335013
335023
335033
335043
335053
335103
335113
335123
335133
335143
335153
335203
335213
335223
335233
335243
335253
335303
335313
335323
335333
335343
335353
335403
335413
335423
335433
335443
335453
335503
335513
335523
335533
335543
335553
340003
340013
340023
340033
340043
340053
340103
340113
340123
340133
340143
340153
340203
340213
340223
340233
340243
340253
340303
340313
340323
340333
340343
340353
340403
340413
340423
340433
340443
340453
340503
340513
340523
340533
340543
340553
341003
341013
341023
341033
341043
341053
341103
341113
341123
341133
341143
341153
341203
341213
341223
341243
341303
341313
341323
341333
341343
341353
341403
341413
341423
341433
341443
341453
341503
341513
341523
341533
341543
341553
342003
342013
342023
342033
342043
342053
342103
342113
342123
342133
342143
342153
342203
342213
342223
342233
342243
342253
342303
342313
342323
342333
342343
342353
342403
342413
342423
342433
342443
342453
342503
342513
342523
342533
342543
342553
343003
343013
343023
343033
343043
343053
343103
343113
343123
343133
343143
343153
343203
343213
343223
343233
343243
343253
343303
343313
343323
343333
343343
343353
343403
343413
343423
343433
343443
343453
343503
343513
343523
343533
343543
343553
344003
344013
344023
344033
344043
344053
344103
344113
344123
344133
344143
344153
344203
344213
344223
344233
344243
344253
344303
344313
344323
344333
344343
344353
344403
344413
344423
344433
344443
344453
344503
344513
344523
344533
344543
344553
345003
345013
345023
345033
345043
345053
345103
345113
345123
345133
345143
345153
345203
345213
345223
345233
345243
345253
345303
345313
345323
345333
345343
345353
345403
345413
345423
345433
345443
345453
345503
345513
345523
345533
345543
345553
350003
350013
350023
350033
350043
350053
350103
350113
350123
350133
350143
350153
350203
350213
350223
350233
350243
350253
350303
350313
350323
350333
350343
350353
350403
350413
350423
350433
350443
350453
350503
350513
350523
350533
350543
350553
351003
351013
351023
351033
351043
351053
351103
351113
351123
351133
351143
351153
351203
351223
351233
351243
351253
351303
351313
351333
351343
351353
351403
351413
351423
351433
351443
351453
351503
351513
351523
351533
351543
351553
352003
352013
352023
352033
352043
352053
352103
352113
352123
352133
352143
352153
352203
352213
352223
352233
352243
352253
352303
352313
352323
352333
352343
352353
352403
352413
352423
352433
352443
352453
352503
352513
352523
352533
352543
352553
353003
353013
353023
353033
353043
353053
353103
353113
353123
353133
353143
353153
353203
353223
353233
353243
353253
353303
353313
353323
353333
353343
353353
353403
353413
353423
353433
353443
353453
353503
353513
353523
353533
353543
353553
354003
354013
354023
354033
354043
354053
354103
354113
354133
354143
354153
354203
354213
354223
354233
354243
354253
354303
354313
354323
354333
354343
354353
354403
354413
354423
354433
354443
354453
354503
354513
354523
354533
354543
354553
355003
355013
355023
355033
355043
355053
355103
355113
355123
355133
355143
355153
355203
355213
355223
355233
355243
355253
355303
355313
355323
355333
355343
355353
355403
355413
355423
355433
355443
355453
355503
355513
355523
355533
355543
355553
400003
400013
400023
400043
400053
400103
400113
400123
400133
400143
400153
400203
400213
400223
400233
400243
400253
400313
400323
400333
400353
400403
400413
400423
400433
400443
400453
400503
400513
400523
400533
400543
400553
401003
401013
401023
401033
401043
401053
401103
401113
401123
401133
401143
401153
401203
401213
401223
401233
401243
401253
401303
401313
401323
401333
401343
401353
401403
401413
401423
401433
401443
401453
401503
401513
401523
401533
401543
401553
402003
402013
402023
402033
402043
402053
402103
402113
402133
402143
402153
402203
402213
402223
402233
402243
402253
402303
402313
402333
402343
402353
402403
402413
402433
402443
402453
402503
402513
402533
402543
402553
403013
403023
403033
403043
403053
403103
403113
403123
403133
403143
403153
403203
403213
403223
403233
403243
403253
403303
403313
403323
403333
403343
403353
403413
403423
403433
403443
403453
403503
403513
403523
403533
403543
403553
404003
404013
404023
404033
404043
404053
404103
404113
404123
404133
404143
404153
404203
404213
404223
404233
404243
404253
404303
404313
404323
404333
404343
404353
404403
404413
404423
404433
404443
404453
404503
404513
404523
404533
404543
404553
405003
405013
405023
405033
405043
405053
405103
405113
405123
405133
405143
405153
405203
405213
405223
405243
405253
405303
405313
405323
405333
405343
405353
405403
405413
405423
405433
405443
405453
405503
405513
405523
405533
405543
405553
410003
410013
410023
410033
410043
410053
410103
410113
410123
410133
410143
410153
410203
410213
410223
410233
410243
410253
410303
410313
410323
410333
410343
410353
410403
410413
410423
410433
410443
410453
410503
410513
410523
410533
410543
410553
411003
411013
411023
411033
411043
411053
411103
411113
411123
411133
411143
411153
411203
411213
411223
411233
411243
411253
411303
411313
411323
411333
411343
411353
411403
411413
411423
411433
411443
411453
411503
411513
411523
411533
411543
411553
412003
412013
412033
412043
412053
412103
412113
412123
412133
412143
412153
412203
412213
412223
412233
412243
412253
412303
412313
412323
412333
412343
412353
412403
412413
412423
412433
412443
412453
412503
412513
412523
412533
412543
412553
413003
413013
413023
413033
413043
413053
413103
413113
413123
413133
413143
413153
413203
413213
413223
413233
413243
413253
413303
413313
413323
413333
413343
413353
413403
413413
413423
413433
413443
413453
413503
413513
413523
413533
413543
413553
414003
414013
414023
414033
414043
414053
414103
414113
414123
414133
414143
414153
414203
414213
414223
414233
414243
414253
414303
414313
414323
414333
414343
414353
414403
414413
414423
414433
414443
414453
414503
414513
414523
414533
414543
414553
415003
415013
415023
415033
415043
415053
415103
415113
415123
415133
415143
415153
415203
415213
415223
415233
415243
415253
415303
415313
415323
415333
415343
415353
415403
415413
415423
415433
415443
415453
415503
415513
415523
415533
415543
415553
420003
420013
420023
420033
420043
420053
420103
420113
420123
420133
420143
420153
420203
420223
420303
420313
420323
420333
420343
420353
420403
420413
420423
420433
420443
420453
420503
420513
420523
420533
420543
420553
421003
421013
421023
421033
421043
421053
421103
421113
421123
421133
421143
421153
421213
421223
421233
421243
421253
421303
421313
421323
421333
421343
421353
421403
421413
421423
421433
421443
421453
421503
421513
421523
421533
421543
421553
422003
422013
422023
422033
422043
422053
422103
422113
422123
422133
422143
422153
422203
422213
422223
422233
422243
422253
422303
422313
422323
422333
422343
422353
422403
422413
422423
422433
422443
422453
422503
422513
422523
422533
422543
422553
423003
423013
423023
423033
423043
423103
423113
423123
423133
423143
423153
423213
423223
423233
423243
423253
423303
423313
423323
423333
423343
423353
423403
423413
423423
423433
423443
423453
423503
423513
423523
423533
423543
423553
424003
424013
424023
424033
424043
424053
424103
424113
424123
424133
424143
424153
424213
424223
424233
424243
424253
424303
424313
424323
424333
424343
424353
424403
424413
424423
424433
424443
424453
424503
424513
424523
424533
424543
424553
425003
425013
425023
425033
425043
425053
425103
425113
425123
425133
425143
425153
425213
425223
425233
425243
425253
425303
425313
425323
425333
425343
425353
425403
425413
425423
425433
425443
425453
425503
425513
425523
425533
425543
425553
430013
430023
430033
430043
430053
430103
430113
430123
430133
430143
430153
430203
430213
430223
430233
430243
430253
430303
430313
430323
430333
430343
430353
430403
430413
430423
430433
430443
430453
430503
430513
430533
430543
430553
431003
431013
431023
431033
431043
431053
431103
431113
431123
431133
431143
431153
431203
431213
431223
431233
431243
431253
431303
431313
431323
431333
431343
431353
431403
431413
431423
431433
431443
431453
431503
431513
431523
431533
431543
431553
432003
432013
432033
432043
432053
432103
432113
432123
432133
432143
432153
432203
432213
432223
432233
432243
432253
432303
432313
432323
432333
432343
432353
432403
432413
432423
432433
432443
432453
432503
432513
432523
432533
432543
432553
433003
433013
433023
433033
433043
433053
433103
433113
433123
433133
433143
433153
433203
433213
433223
433233
433243
433253
433303
433313
433323
433333
433343
433353
433403
433413
433423
433433
433443
433453
433503
433513
433523
433533
433543
433553
434013
434023
434033
434043
434053
434103
434113
434123
434133
434143
434153
434203
434213
434223
434233
434243
434253
434303
434313
434323
434333
434343
434353
434403
434413
434423
434433
434443
434453
434503
434513
434523
434533
434543
434553
435003
435013
435023
435033
435043
435053
435103
435113
435123
435133
435143
435153
435203
435213
435223
435233
435243
435253
435303
435313
435323
435333
435343
435353
435403
435413
435423
435433
435443
435453
435503
435513
435523
435533
435543
435553
440003
440013
440023
440043
440053
440103
440113
440123
440133
440143
440153
440203
440213
440223
440233
440243
440253
440303
440313
440323
440333
440343
440353
440403
440413
440423
440433
440443
440453
440503
440513
440523
440533
440543
440553
441003
441013
441023
441033
441043
441053
441103
441113
441123
441133
441143
441153
441203
441213
441223
441233
441243
441253
441303
441313
441323
441333
441343
441353
441403
441413
441423
441433
441443
441453
441503
441513
441523
441533
441543
441553
442003
442013
442033
442043
442053
442103
442113
442123
442133
442143
442153
442203
442213
442223
442233
442243
442253
442303
442313
442323
442333
442343
442353
442403
442413
442423
442433
442443
442453
442503
442513
442523
442533
442543
442553
443003
443013
443023
443033
443043
443053
443103
443113
443123
443133
443143
443153
443203
443213
443223
443233
443243
443253
443303
443313
443323
443333
443343
443353
443403
443413
443423
443433
443443
443453
443503
443513
443523
443533
443543
443553
444003
444013
444023
444033
444043
444053
444103
444113
444123
444133
444143
444153
444203
444213
444223
444233
444243
444253
444303
444313
444323
444333
444343
444353
444403
444413
444423
444433
444443
444453
444503
444513
444523
444533
444543
444553
445003
445013
445023
445033
445043
445053
445103
445113
445123
445133
445143
445153
445203
445213
445223
445233
445243
445253
445303
445313
445323
445333
445343
445353
445403
445413
445423
445433
445443
445453
445503
445513
445523
445533
445543
445553
450003
450013
450023
450033
450043
450053
450103
450113
450123
450133
450143
450153
450203
450213
450223
450233
450243
450253
450303
450313
450323
450333
450343
450353
450403
450413
450423
450433
450443
450453
450503
450513
450523
450533
450543
450553
451003
451013
451023
451033
451043
451053
451103
451113
451123
451133
451143
451153
451203
451213
451223
451233
451243
451253
451303
451313
451323
451333
451343
451353
451403
451413
451423
451433
451443
451453
451503
451513
451523
451533
451543
451553
452003
452013
452033
452043
452053
452103
452113
452123
452133
452143
452153
452203
452213
452223
452233
452243
452253
452313
452323
452333
452343
452353
452403
452413
452423
452433
452443
452453
452503
452513
452523
452533
452543
452553
453003
453013
453023
453033
453043
453053
453103
453113
453123
453133
453143
453153
453203
453213
453223
453233
453243
453253
453303
453313
453323
453333
453343
453353
453403
453413
453423
453433
453443
453453
453503
453513
453523
453533
453543
453553
454003
454013
454023
454033
454043
454053
454103
454113
454123
454133
454143
454153
454203
454213
454223
454233
454243
454253
454303
454313
454323
454333
454343
454353
454403
454413
454423
454433
454443
454453
454503
454513
454523
454533
454543
454553
455003
455013
455023
455033
455043
455053
455103
455113
455123
455133
455143
455153
455203
455213
455223
455233
455243
455253
455303
455313
455323
455333
455343
455353
455403
455413
455423
455433
455443
455453
455503
455513
455523
455533
455543
455553
500002
500012
500022
500032
500042
500052
500102
500112
500122
500132
500142
500152
500202
500212
500242
500252
500302
500312
500322
500332
500342
500352
500402
500412
500422
500432
500442
500452
500502
500512
500522
500532
500542
500552
501002
501012
501022
501032
501042
501052
501102
501112
501122
501132
501142
501152
501202
501212
501222
501232
501242
501252
501302
501312
501322
501332
501342
501352
501402
501412
501422
501432
501442
501452
501502
501512
501522
501532
501542
501552
502002
502012
502022
502032
502042
502052
502102
502112
502132
502142
502152
502212
502242
502252
502312
502322
502332
502342
502352
502402
502412
502422
502432
502442
502452
502502
502512
502522
502532
502542
502552
503002
503012
503022
503032
503042
503052
503102
503112
503122
503132
503142
503152
503202
503212
503222
503232
503242
503252
503302
503312
503322
503332
503342
503352
503402
503412
503422
503432
503442
503452
503502
503512
503522
503532
503542
503552
504002
504012
504022
504032
504042
504052
504102
504112
504122
504132
504142
504152
504202
504212
504222
504232
504242
504252
504302
504312
504322
504332
504342
504352
504402
504412
504422
504432
504442
504452
504502
504512
504522
504532
504542
504552
505002
505012
505022
505032
505042
505052
505102
505112
505122
505132
505142
505152
505202
505212
505222
505232
505242
505252
505302
505312
505322
505332
505342
505352
505402
505412
505422
505432
505442
505452
505502
505512
505522
505532
505542
505552
510002
510012
510022
510032
510042
510052
510102
510112
510122
510132
510142
510152
510202
510212
510222
510232
510242
510252
510302
510312
510322
510332
510342
510352
510402
510412
510422
510432
510442
510452
510502
510512
510522
510532
510542
510552
511002
511012
511022
511032
511042
511052
511102
511112
511122
511132
511142
511152
511202
511212
511222
511232
511242
511252
511302
511312
511322
511332
511342
511352
511402
511412
511422
511432
511442
511452
511502
511512
511522
511532
511542
511552
512002
512012
512032
512042
512052
512102
512112
512122
512132
512142
512152
512202
512212
512222
512232
512242
512252
512302
512312
512322
512332
512342
512352
512402
512412
512422
512432
512442
512452
512502
512512
512522
512532
512542
512552
513002
513012
513022
513032
513042
513052
513102
513112
513122
513132
513142
513152
513202
513212
513222
513232
513242
513252
513302
513312
513322
513332
513342
513352
513402
513412
513422
513432
513442
513452
513502
513512
513522
513532
513542
513552
514002
514012
514022
514032
514042
514052
514102
514112
514122
514132
514142
514152
514202
514212
514222
514232
514242
514252
514302
514312
514322
514332
514342
514352
514402
514412
514422
514432
514442
514452
514502
514512
514522
514532
514542
514552
515002
515012
515022
515032
515042
515052
515102
515112
515122
515132
515142
515152
515202
515212
515222
515232
515242
515252
515302
515312
515322
515332
515342
515352
515402
515412
515422
515432
515442
515452
515502
515512
515522
515532
515542
515552
520002
520012
520032
520042
520052
520102
520112
520122
520132
520142
520152
520202
520232
520242
520252
520302
520312
520322
520332
520342
520352
520402
520412
520422
520432
520442
520452
520502
520512
520522
520532
520542
520552
521002
521012
521022
521032
521042
521052
521102
521112
521122
521132
521142
521152
521212
521222
521232
521242
521252
521302
521312
521322
521332
521342
521352
521402
521412
521422
521432
521442
521452
521502
521512
521522
521532
521542
521552
522012
522032
522042
522052
522102
522112
522122
522132
522142
522152
522212
522222
522232
522242
522252
522312
522322
522332
522342
522352
522402
522412
522422
522432
522442
522452
522502
522512
522522
522532
522542
522552
523012
523032
523042
523052
523102
523112
523122
523132
523142
523152
523202
523212
523222
523232
523242
523252
523302
523312
523322
523332
523342
523352
523402
523412
523422
523432
523442
523452
523502
523512
523522
523532
523542
523552
524002
524012
524022
524032
524042
524052
524102
524112
524122
524132
524142
524152
524202
524212
524222
524232
524242
524252
524302
524312
524322
524332
524342
524352
524402
524412
524422
524432
524442
524452
524502
524512
524522
524532
524542
524552
525002
525012
525022
525032
525042
525052
525102
525112
525122
525132
525142
525152
525202
525212
525222
525232
525242
525252
525302
525312
525322
525332
525342
525352
525402
525412
525422
525432
525442
525452
525502
525512
525522
525532
525542
525552
530002
530012
530032
530042
530052
530102
530112
530122
530132
530142
530152
530202
530212
530232
530242
530252
530302
530312
530322
530332
530342
530352
530402
530412
530422
530432
530442
530452
530502
530512
530522
530532
530542
530552
531002
531012
531022
531032
531042
531052
531102
531112
531122
531132
531142
531152
531202
531212
531222
531232
531242
531252
531302
531312
531322
531332
531342
531352
531402
531412
531422
531432
531442
531452
531502
531512
531522
531532
531542
531552
532002
532012
532022
532032
532042
532052
532102
532112
532122
532132
532142
532152
532202
532212
532222
532232
532242
532252
532302
532312
532322
532332
532342
532352
532402
532412
532422
532432
532442
532452
532502
532512
532522
532532
532542
532552
533002
533012
533022
533032
533042
533052
533102
533112
533122
533132
533142
533152
533202
533212
533222
533232
533242
533252
533302
533312
533322
533332
533342
533352
533402
533412
533422
533432
533442
533452
533502
533512
533522
533532
533542
533552
534002
534012
534022
534032
534042
534052
534102
534112
534122
534132
534142
534152
534202
534212
534222
534232
534242
534252
534302
534312
534322
534332
534342
534352
534402
534412
534422
534432
534442
534452
534502
534512
534522
534532
534542
534552
535002
535012
535022
535032
535042
535052
535102
535112
535122
535132
535142
535152
535202
535212
535222
535232
535242
535252
535302
535312
535322
535332
535342
535352
535402
535412
535422
535432
535442
535452
535502
535512
535522
535532
535542
535552
540002
540012
540022
540032
540042
540052
540102
540112
540122
540132
540142
540152
540202
540212
540222
540232
540242
540252
540302
540312
540322
540332
540342
540352
540402
540412
540422
540432
540442
540452
540502
540512
540522
540532
540542
540552
541002
541012
541022
541032
541042
541052
541102
541112
541122
541132
541142
541152
541202
541212
541222
541232
541242
541252
541302
541312
541322
541332
541342
541352
541402
541412
541422
541432
541442
541452
541502
541512
541522
541532
541542
541552
542002
542012
542022
542032
542042
542052
542102
542112
542122
542132
542142
542152
542202
542212
542222
542232
542242
542252
542302
542312
542322
542332
542342
542352
542402
542412
542422
542432
542442
542452
542502
542512
542522
542532
542542
542552
543002
543012
543022
543032
543042
543052
543102
543112
543122
543132
543142
543152
543202
543212
543222
543232
543242
543252
543302
543312
543322
543332
543342
543352
543402
543412
543422
543432
543442
543452
543502
543512
543522
543532
543542
543552
544002
544012
544022
544032
544042
544052
544102
544112
544122
544132
544142
544152
544202
544212
544222
544232
544242
544252
544302
544312
544322
544332
544342
544352
544402
544412
544422
544432
544442
544452
544502
544512
544522
544532
544542
544552
545002
545012
545022
545032
545042
545052
545102
545112
545122
545132
545142
545152
545202
545212
545222
545232
545242
545252
545302
545312
545322
545332
545342
545352
545402
545412
545422
545432
545442
545452
545502
545512
545522
545532
545542
545552
550002
550012
550022
550032
550042
550052
550102
550112
550122
550132
550142
550152
550202
550212
550222
550232
550242
550252
550302
550312
550322
550332
550342
550352
550402
550412
550422
550432
550442
550452
550502
550512
550522
550532
550542
550552
551002
551012
551022
551032
551042
551052
551102
551112
551122
551132
551142
551152
551202
551212
551222
551232
551242
551252
551302
551312
551322
551332
551342
551352
551402
551412
551422
551432
551442
551452
551502
551512
551522
551532
551542
551552
552002
552012
552022
552032
552042
552052
552102
552112
552122
552132
552142
552152
552202
552212
552222
552232
552242
552252
552302
552312
552322
552332
552342
552352
552402
552412
552422
552432
552442
552452
552502
552512
552522
552532
552542
552552
553002
553012
553022
553032
553042
553052
553102
553112
553122
553132
553142
553152
553202
553212
553222
553232
553242
553252
553302
553312
553322
553332
553342
553352
553402
553412
553422
553432
553442
553452
553502
553512
553522
553532
553542
553552
554002
554012
554022
554032
554042
554052
554102
554112
554122
554132
554142
554152
554202
554212
554222
554232
554242
554252
554302
554312
554322
554332
554342
554352
554402
554412
554422
554432
554442
554452
554502
554512
554522
554532
554542
554552
555002
555012
555022
555032
555042
555052
555102
555112
555122
555132
555142
555152
555202
555212
555222
555232
555242
555252
555302
555312
555322
555332
555342
555352
555402
555412
555422
555432
555442
555452
555502
555512
555522
555532
555542
555552
